<?xml version="1.0"?>
<opencv_storage>
<CameraMatrix type_id="opencv-matrix">
  <rows>3</rows>
  <cols>3</cols>
  <dt>d</dt>
  <data>
    5.3537233593827250e+02 0. 2.9236357412804966e+02 0.
    5.3776004499938244e+02 2.3717256483978608e+02 0. 0. 1.</data></CameraMatrix>
<DistortionCoefficients type_id="opencv-matrix">
  <rows>1</rows>
  <cols>5</cols>
  <dt>d</dt>
  <data>
    -8.8705549075353794e-03 1.2577879230504269e-01
    -1.7168667970801476e-03 -3.9538562003839433e-03
    -9.9559736179202649e-02</data></DistortionCoefficients>
</opencv_storage>
