<?xml version="1.0"?>
<opencv_storage>
<CameraMatrix type_id="opencv-matrix">
  <rows>3</rows>
  <cols>3</cols>
  <dt>d</dt>
  <data>
    7.7789152544484170e+02 0. 4.0462235279024640e+02 0.
    7.7603495656027826e+02 2.8201838093645705e+02 0. 0. 1.</data></CameraMatrix>
<DistortionCoefficients type_id="opencv-matrix">
  <rows>1</rows>
  <cols>5</cols>
  <dt>d</dt>
  <data>
    -5.2113805545509562e-01 3.0465474047361213e-01
    8.7220468661690278e-03 -4.6046177908744719e-03
    -1.2124944897008137e-01</data></DistortionCoefficients>
</opencv_storage>
