<?xml version="1.0"?>
<opencv_storage>
<CameraMatrix type_id="opencv-matrix">
  <rows>3</rows>
  <cols>3</cols>
  <dt>d</dt>
  <data>
    8.5978890191546805e+02 0. 3.2921504088899559e+02 0.
    8.4228640581322043e+02 1.2160953748712296e+02 0. 0. 1.</data></CameraMatrix>
<DistortionCoefficients type_id="opencv-matrix">
  <rows>1</rows>
  <cols>5</cols>
  <dt>d</dt>
  <data>
    -5.0238435760278743e-01 -1.2040318440792661e-01
    3.4221553844874367e-02 1.5989981692428122e-02 8.5773023981246921e-01</data></DistortionCoefficients>
</opencv_storage>
