<?xml version="1.0"?>
<opencv_storage>
<CameraMatrix type_id="opencv-matrix">
  <rows>3</rows>
  <cols>3</cols>
  <dt>d</dt>
  <data>
    8.8526514966143213e+02 0. 3.2521326115427888e+02 0.
    8.6571224989796110e+02 1.0931510292730503e+02 0. 0. 1.</data></CameraMatrix>
<DistortionCoefficients type_id="opencv-matrix">
  <rows>1</rows>
  <cols>5</cols>
  <dt>d</dt>
  <data>
    -4.8727986034824855e-01 -1.6884646048679691e-01
    3.5464960434463719e-02 1.4078872153782840e-02 9.1801698349577754e-01</data></DistortionCoefficients>
</opencv_storage>
