<?xml version="1.0"?>
<opencv_storage>
<CameraMatrix type_id="opencv-matrix">
  <rows>3</rows>
  <cols>3</cols>
  <dt>d</dt>
  <data>
    8.1536313191064914e+02 0. 5.0957847097277750e+02 0.
    8.2392697857836038e+02 1.5437121905931284e+02 0. 0. 1.</data></CameraMatrix>
<DistortionCoefficients type_id="opencv-matrix">
  <rows>1</rows>
  <cols>5</cols>
  <dt>d</dt>
  <data>
    -5.2793611007991625e-01 3.7022126459437882e-01
    1.9988300800555071e-02 -1.7548042558956176e-02
    -9.7288741985450580e-02</data></DistortionCoefficients>
</opencv_storage>
