%YAML:1.0
---
CameraMatrix: !!opencv-matrix
   rows: 3
   cols: 3
   dt: d
   data: [ 7.7545532778959227e+02, 0., 2.4169706980184685e+02, 0.,
       8.4642430845282661e+02, 2.9858093241182843e+02, 0., 0., 1. ]
DistortionCoefficients: !!opencv-matrix
   rows: 1
   cols: 5
   dt: d
   data: [ -7.7753736112236205e-01, 1.9802202456127760e+00,
       -1.2695023205040465e-02, 5.2838763633105204e-02,
       -1.3951116110451363e+00 ]
