<?xml version="1.0"?>
<opencv_storage>
<CameraMatrix type_id="opencv-matrix">
  <rows>3</rows>
  <cols>3</cols>
  <dt>d</dt>
  <data>
    7.7041690556813978e+02 0. 3.2251028114815131e+02 0.
    7.8032212787543779e+02 3.0053186069381735e+02 0. 0. 1.</data></CameraMatrix>
<DistortionCoefficients type_id="opencv-matrix">
  <rows>1</rows>
  <cols>5</cols>
  <dt>d</dt>
  <data>
    -6.1739921582952473e-01 1.3040750853767047e+00
    -3.2475976736851648e-04 1.6251795622745382e-02
    -1.6480726026293340e+00</data></DistortionCoefficients>
</opencv_storage>
