<?xml version="1.0"?>
<opencv_storage>
<CameraMatrix type_id="opencv-matrix">
  <rows>3</rows>
  <cols>3</cols>
  <dt>d</dt>
  <data>
    8.2647376058841724e+02 0. 3.2592473073055072e+02 0.
    8.0943988329453964e+02 1.1419597399583652e+02 0. 0. 1.</data></CameraMatrix>
<DistortionCoefficients type_id="opencv-matrix">
  <rows>1</rows>
  <cols>5</cols>
  <dt>d</dt>
  <data>
    -4.7004468792760135e-01 -1.4175392234880377e-01
    3.6832632915724209e-02 1.9017631101516861e-02 6.4359790957195417e-01</data></DistortionCoefficients>
</opencv_storage>
